epoch: 0	train ppl: 472.2201036453164	val ppl: 289.50676250214184	best val: 289.50676250214184	time (s) spent in epoch: 1299.7048380374908
epoch: 1	train ppl: 283.23049307886527	val ppl: 220.17127615570857	best val: 220.17127615570857	time (s) spent in epoch: 1298.722582578659
epoch: 2	train ppl: 230.94078754610908	val ppl: 184.46538467827742	best val: 184.46538467827742	time (s) spent in epoch: 1298.7250587940216
epoch: 3	train ppl: 200.76403371384802	val ppl: 164.99661458176618	best val: 164.99661458176618	time (s) spent in epoch: 1298.6366896629333
